
Am2_006
Am2_008
Am2_010
Am2_022
Am2_023
WGS_035
WGS_134
WGS_152
WGS_189
WGS_196
Pop
WA001 ,  049049 085086 079090 082088 065065 081089 054056 051052 104104 086110
WA002 ,  049050 086086 094094 079083 066066 089089 052052 053053 082082 070070
WA003 ,  049046 086086 084092 082079 066067 089089 058058 052053 090090 070070
WA004 ,  049048 085085 079078 083083 066066 089083 058058 067115 082084 070070
WA005 ,  049049 083083 084078 079084 066066 089091 054054 052052 088096 086090
WA006 ,  049049 085085 082082 082087 066067 091087 058060 051052 082086 074120
WA007 ,  049048 086086 082082 083086 065066 089091 058060 052052 090096 074084
WA008 ,  048048 085085 079079 082084 067067 083087 062062 052052 082088 070070
WA009 ,  050050 086086 079082 083084 065066 087087 058058 052053 082092 070070
WA010 ,  049048 086086 082081 079083 066066 087087 054062 052054 082082 070070
WA011 ,  049049 085085 082085 082083 066064 089095 054058 052054 090088 070090
WA012 ,  049048 086086 079079 079084 066066 087095 054058 052052 092112 070070
WA013 ,  049047 085086 079088 084081 066066 091091 058062 053053 084084 070070
WA014 ,  049046 085086 085088 082083 066069 085085 054058 053053 082082 074072
WA015 ,  049049 085086 079082 083081 066067 089089 054058 051051 082082 070070
WA017 ,  049048 085085 082082 083084 066067 081087 060066 052052 094094 074074
WA018 ,  049049 085085 082083 088083 065066 083087 054058 052056 082086 064064
WA019 ,  049049 085085 079082 083085 065066 085093 054058 052052 082086 074080
WA020 ,  049049 085085 079087 083086 065067 091087 054058 051056 090102 070070
WA021 ,  049049 085086 082089 088079 066066 087093 060062 052052 082106 070070
WA022 ,  049049 085085 082087 084081 066066 093093 058058 053053 088088 074074
WA023 ,  049049 085086 082085 083083 066064 083095 058058 052053 082086 096100
WA024 ,  049049 085085 082088 086081 066066 087087 060060 051053 082082 070070
WA025 ,  049049 085085 077091 082079 066066 085085 056066 051052 082082 074096
WA026 ,  049049 085086 079089 079083 066066 087087 054054 051053 086100 070070
WA027 ,  049049 085085 092082 079083 066066 083087 054058 053053 082082 086078
WA028 ,  049048 085086 082087 083083 065066 083087 054052 052052 084084 070070
WA029 ,  049048 085085 082083 087085 065066 087087 054062 051051 088088 070070
WA030 ,  046048 085085 079082 084081 065066 083083 052060 051052 082088 070070
WA031 ,  049048 085086 084087 079083 066067 089083 058058 052115 082082 086090
WA032 ,  049049 085086 084082 086086 066066 087093 058058 053053 084096 070064
WA033 ,  049047 086086 092082 083084 066066 085085 054052 052052 082084 094094
WA034 ,  049049 085085 078082 084081 066066 089091 054058 053055 084088 072072
WA035 ,  049049 085086 082077 080089 067067 089083 058058 056056 082090 072072
WA036 ,  049049 085085 084081 083085 066066 089091 052058 052054 082100 092092
WA037 ,  049049 085085 090082 083084 067067 091087 054060 052052 082090 070070
WA038 ,  049049 085085 082082 082079 065065 081087 058060 053053 110110 086074
WA039 ,  049048 085085 078082 088085 066066 091087 058060 053053 082094 070070
WA040 ,  049049 085087 079088 079083 066066 081093 054054 052052 084088 064064
WA041 ,  049047 086086 090083 081085 065065 087097 054058 052053 082086 070080
WA042 ,  049049 085085 077077 080080 066066 081081 058060 056056 082082 070064
WA043 ,  049049 085085 077077 080080 066066 081081 058060 056056 082082 070070
WA044 ,  049052 085085 082083 083083 065067 091087 058058 058058 082082 070070
WA045 ,  049049 085085 082081 079081 065066 089089 054058 052052 082082 064064
WA046 ,  049049 085085 079088 082079 066066 089091 052060 051053 082090 070094
Pop
NI001 ,  049049 085085 079082 083084 066066 081085 060062 052053 082082 084072
NI002 ,  049049 085085 090082 084081 065066 081081 052060 052052 082082 072072
NI003 ,  049047 085085 079082 082083 066066 091091 058060 052052 082082 070064
NI004 ,  049049 085085 082086 083087 066066 089087 058058 051052 086094 070106
NI005 ,  049049 085085 082086 082083 065066 089093 058058 052060 082092 094094
NI006 ,  049049 085085 082088 082081 066067 087087 060060 052052 082084 070088
NI007 ,  049049 085085 082083 087087 066067 087095 054058 052059 084084 070072
NI008 ,  049049 085086 079082 083085 065066 089091 058058 052052 086102 070074
NI009 ,  048048 085085 082089 082079 066066 085085 058060 052059 082084 070072
NI010 ,  049049 085086 079083 082084 067067 087085 058058 052053 082088 070076
NI011 ,  049049 085085 079082 083085 066067 091091 056060 052054 082092 086070
NI012 ,  049049 085086 079088 081085 065070 087087 058058 051051 090084 070084
NI013 ,  049049 085085 089083 083080 066067 087085 060048 052052 082086 070076
NI014 ,  049049 085086 082091 083087 066066 091085 056050 050050 082090 062062
NI015 ,  052052 086086 079082 083086 066067 085085 052058 052053 082084 072064
NI016 ,  049049 085085 082082 079080 065066 087087 058058 054059 082082 070064
NI017 ,  049049 085085 082081 079085 065066 083083 052058 051053 082082 070074
NI018 ,  049048 086082 082080 083080 066066 091093 056058 052052 084088 070064
NI019 ,  048048 086082 081087 082079 066069 089087 052058 053103 082088 070070
NI020 ,  049049 086086 082088 079081 066066 097099 058060 055062 084094 070064
NI021 ,  049049 085086 082082 082083 066069 089089 058066 052063 082082 078082
NI022 ,  049049 085085 079093 083084 066066 087087 058062 052052 082082 070096
NI023 ,  049049 086086 079088 083086 066066 087087 054054 052053 092092 070070
NI024 ,  049049 085085 079082 083086 066066 083087 058060 052053 082082 070070
NI025 ,  049046 085085 079082 085085 066067 087087 054066 055056 082084 070074
NI026 ,  049048 085086 079079 083081 066067 091091 058058 052052 082090 070074
NI027 ,  049049 086086 082082 082083 065065 081087 058060 052056 088088 070070
NI028 ,  048047 085086 079081 083087 066067 081081 058058 048049 082082 070072
NI029 ,  049049 085086 079082 079086 065066 087087 058058 050048 082082 070064
NI030 ,  048048 085085 079087 079083 066067 095095 054058 049104 084086 072072
NI032 ,  049048 085086 079083 079083 066064 093093 058058 052055 088094 070070
NI033 ,  049049 085085 079082 082086 066067 091091 058060 051051 082090 070064
NI034 ,  048048 085086 079082 081089 066066 089087 058060 053062 082096 070070
NI035 ,  049049 085086 088091 083084 066067 083093 058058 052061 088088 070064
NI036 ,  049049 085085 082082 082079 065069 087087 054058 052053 084110 086086
NI037 ,  049049 085085 079082 083083 065066 087087 060062 050061 084084 070082
NI038 ,  049049 085085 094077 083083 065066 087085 054058 052053 082082 070070
NI039 ,  049048 084084 082089 088083 066066 083087 054066 050049 082084 064064
NI040 ,  049049 085085 088088 079081 066066 081081 054058 053053 082082 070074
NI041 ,  049049 085085 084082 082084 066069 085093 054058 052053 084084 070072
NI042 ,  048048 086086 082083 082082 065066 087087 054054 051052 082082 070070
NI043 ,  049049 085086 079082 083087 066066 087090 058062 053115 090090 070076
NI044 ,  049049 085086 087086 083085 066067 089093 058066 052052 082082 070070
NI045 ,  049049 085086 082083 083083 066066 089093 058058 049049 088114 070076
NI046 ,  049049 085086 078083 082087 065066 089093 058062 052052 082082 070092
NI047 ,  049049 085085 082082 082079 066066 089087 058058 049049 084092 070070
NI048 ,  048048 085086 082087 083084 066066 089087 058062 052050 082082 072096
Pop
Amill109 ,  049049 085085 081077 080080 065066 083087 064064 056056 082082 070070
Amill110 ,  049049 085086 082082 082083 066066 083091 058058 052052 082084 080082
Amill111 ,  048048 085085 082087 083081 066066 087087 058058 052052 082082 072078
Amill112 ,  049049 085085 079082 079083 065066 091091 054054 051052 090090 070070
Amill113 ,  049049 085084 082082 083083 066067 087087 054058 051054 082090 070070
Amill114 ,  049049 085085 079082 079083 065066 091091 054058 051052 088096 070072
Amill115 ,  049049 085085 079079 082085 065066 091087 058060 052052 056056 074088
Amill116 ,  049048 085085 082077 083081 066066 091087 054060 052060 082090 064064
Amill117 ,  049049 086086 079083 083081 066067 091091 054060 052059 082082 070070
Amill118 ,  049049 086086 082082 087085 066066 091087 058058 053053 066066 070070
Amill119 ,  048048 085085 094083 083085 066066 089089 054060 052062 094094 070070
Amill120 ,  049049 085085 083076 083085 066066 091091 058066 052053 082090 070070
Amill121 ,  049049 085085 079081 083081 066066 089097 054054 052052 082082 070064
Amill122 ,  049049 085085 082080 082085 066066 089087 054060 053054 082082 072072
Amill123 ,  049048 085086 082082 079085 065065 089089 054058 052056 082090 070070
Amill124 ,  049049 085085 082082 083081 065065 087095 058062 053053 104104 070070
Amill125 ,  048048 085085 082088 081085 066066 087085 058060 051052 086092 078078
Amill126 ,  049049 085086 078077 082082 065066 089083 058058 053055 082086 064064
Amill127 ,  049048 085085 078087 079086 065064 081081 054058 052052 088088 070070
Amill128 ,  049049 085085 082082 083085 067067 087085 052066 052053 090096 070064
Amill129 ,  049049 085085 090082 083084 066066 091091 056052 054054 082088 064064
Amill130 ,  043043 085086 082082 082084 066066 089089 058058 051052 090088 064064
Amill132 ,  049049 086086 079079 085080 065065 091091 058058 052060 092112 070070
Amill133 ,  049049 085086 082091 088087 065066 093093 054062 052052 082086 064064
Amill135 ,  048048 085085 082083 082083 065067 091093 058060 052052 090086 070064
Amill136 ,  049049 085085 084082 081081 066066 091087 054054 051060 092094 074074
Amill137 ,  050050 085085 082082 083085 066067 091091 054058 052052 084084 070070
Amill138 ,  049049 085085 079088 088085 066064 087093 058058 053053 082084 100082
Amill139 ,  049048 085085 084083 079085 066066 091087 054060 052052 082082 074092
Amill140 ,  001049 048085 086079 088079 083065 066089 089054 060059 062000 070070
Amill141 ,  049049 085085 079082 079083 066066 091087 054058 052058 082092 072072
Amill142 ,  049048 086086 079087 079080 067067 089085 054058 053058 082082 070064
Amill143 ,  049049 086086 082082 079085 066066 093093 054058 052053 090090 072072
Amill144 ,  049049 085085 079083 079083 066069 091087 058066 052053 082082 070070
Amill145 ,  049049 085085 079093 083083 066069 083087 054058 052053 082094 070070
Amill146 ,  048048 085085 079078 083084 066067 087087 058050 053054 082094 070070
Amill147 ,  049049 085086 082082 085085 066066 083093 060062 053053 090088 064064
Amill148 ,  049049 085085 052052 082080 066066 087087 054058 052052 080080 086074
Amill149 ,  049049 085085 089093 088085 065065 091091 054058 053053 090084 070070
Amill150 ,  049049 085085 082082 088081 066066 081083 058060 053064 082088 070064
Amill151 ,  049049 085085 079085 083081 066066 089091 058060 051053 082088 072072
Amill152 ,  049049 085085 079082 079080 066067 081087 058060 052060 082086 070070
Amill153 ,  049049 085085 079082 083083 066066 091091 058062 055055 082082 074088
Amill154 ,  049049 086086 087080 079083 066067 091091 052058 053053 082082 070070
Amill155 ,  049049 085085 079079 083084 065067 083093 054054 052057 082088 072088
Amill156 ,  049049 085086 082085 083083 066066 089089 054062 059062 082082 086090
Amill157 ,  049049 085086 079082 083081 066067 089089 058058 052054 082088 070070
Pop
Amill059 ,  049049 085086 079082 079083 067067 087093 054052 053053 082082 074074
Amill060 ,  049048 085085 085087 083083 066066 089091 054054 052052 082094 076076
Amill061 ,  002048 048000 091091 082085 065065 089089 058058 052055 082082 070072
Amill062 ,  048048 086086 084082 084085 066067 087085 058066 106106 082082 070070
Amill063 ,  049048 085086 082082 079083 065064 087087 058062 052053 082094 070070
Amill064 ,  049048 085085 079082 082088 069069 087087 054054 053053 092092 070064
Amill066 ,  049049 085086 082082 083084 066067 091093 062062 052053 082088 064102
Amill067 ,  049048 085085 079082 087090 066066 089087 054062 055055 090090 076104
Amill068 ,  049049 086086 079079 083084 066067 083087 058060 053053 082082 074064
Amill069 ,  049048 085085 082082 082087 065067 087087 058060 052052 088088 070106
Amill070 ,  049051 085085 079079 085093 065067 089087 058058 052052 114114 070064
Amill071 ,  049048 085086 079085 079081 066066 089087 054058 052052 084084 064064
Amill072 ,  049047 085086 082087 079084 066064 091091 058058 051050 082082 070070
Amill073 ,  049049 085086 079082 079085 065065 089089 058058 052052 082090 070074
Amill074 ,  049049 085085 079082 082086 066066 089087 054058 052053 088088 070070
Amill075 ,  053053 085085 079085 079083 065066 085085 060060 054061 082090 064100
Amill076 ,  049049 085085 078082 081080 064069 087087 058058 051052 088088 072064
Amill077 ,  049048 085085 082087 083086 066067 087087 054052 053061 082082 076076
Amill078 ,  049049 085085 079087 083081 065065 089087 058058 051053 082082 070070
Amill079 ,  049049 086082 079082 082083 066067 085085 054058 053053 084092 064088
Amill080 ,  049048 086086 087091 079085 065065 089091 058058 051053 088094 086082
Amill081 ,  049049 085085 082082 079083 066066 093093 058058 059059 082082 064064
Amill082 ,  046048 085085 082089 083083 066066 087087 052058 052052 082082 096104
Amill083 ,  049051 085086 079082 083085 065066 095093 052058 052062 090092 070104
Amill084 ,  049048 085085 089089 082083 065066 087087 058058 052053 082082 064076
Amill085 ,  049047 085085 082089 084086 066066 087087 054054 052052 082082 076076
Amill086 ,  049046 085085 084089 079083 066066 091087 054052 051053 092092 070070
Amill087 ,  049049 085085 082082 083084 065066 087087 058060 052052 090086 064064
Amill088 ,  049049 085085 079082 082087 066066 089087 058058 052053 082088 086070
Amill089 ,  049049 086086 082083 084085 066067 087085 058066 106106 082082 070070
Amill090 ,  049048 085084 082095 084080 067067 089089 058058 052052 084084 070070
Amill091 ,  049049 085086 079082 082081 066066 091091 058058 094094 082082 074088
Amill092 ,  049051 085085 082082 083084 066066 089085 054058 052061 088092 070070
Amill093 ,  049048 085085 082082 086090 066067 089083 058058 052052 082082 070070
Amill094 ,  049049 085086 082085 082083 066067 083091 058058 051052 082082 070070
Amill095 ,  049049 085085 092082 079091 066066 087087 062062 059050 082082 070070
Amill096 ,  052051 085085 082093 082079 066067 087087 054058 052052 082082 070098
Amill097 ,  049049 085085 079083 081085 065067 091087 054058 052052 094094 064064
Amill098 ,  049049 087087 079082 079079 066067 087087 058058 052053 084084 084064
Amill099 ,  049049 086086 079082 083083 066066 089093 058062 049106 082084 086070
Amill100 ,  049049 085086 079082 082085 065066 087087 060062 052052 082082 096096
Amill102 ,  049049 085085 079094 079083 066067 085097 054058 053056 082090 080098
Amill103 ,  049049 086086 082082 085085 066066 091091 054058 052054 082082 070064
Amill104 ,  049049 086086 082082 083085 065067 089087 054054 056056 092092 064064
Amill105 ,  049048 085085 082087 082083 066066 087087 062061 052056 092092 070070
Amill106 ,  049049 086086 079082 085085 066066 087085 058058 052053 082082 074074
Amill107 ,  049049 085085 082089 079081 067070 087085 058058 052052 084084 064064
Amill108 ,  050051 085085 083080 083085 067068 081087 054054 052052 082082 110108
Amill008 ,  049049 085086 079093 083085 066064 087087 060060 053054 092092 070074
Amill009 ,  049049 085086 085089 085085 068068 085085 058058 052056 082084 078094
Amill010 ,  048048 086086 078082 082081 066069 087093 058058 052052 082082 070070
Amill011 ,  052051 086086 079082 083083 066067 087087 058058 052052 090084 064064
Amill012 ,  050052 085085 079089 082079 066066 089093 058058 052058 082082 104098
Amill015 ,  049049 085085 082089 079084 066064 081083 058058 051052 082084 086070
Amill016 ,  049049 085085 079082 084080 066067 083083 054060 052053 082082 070070
Amill017 ,  048048 085086 078082 086085 065066 087087 054060 054062 082082 080108
Amill018 ,  049049 085086 079082 084085 065067 081083 054054 052060 086086 070074
Amill019 ,  049048 085086 079082 083083 066067 087087 056058 052052 082090 070064
Amill020 ,  049049 085085 079082 084085 066066 087087 054058 054058 082082 064088
Amill021 ,  049049 086086 081087 081085 066067 091091 054058 061061 082082 070072
Amill022 ,  049049 086084 079085 083081 065066 081081 058058 052050 090090 070070
Amill023 ,  049049 086086 079084 083083 066066 085085 058060 053054 084088 070090
Amill024 ,  049049 085085 090082 083084 065066 083087 058062 051052 082082 070070
Amill025 ,  049049 085085 079079 083083 066066 087085 054054 051060 082084 070070
Amill026 ,  049049 085085 083087 085091 065067 093093 058058 052054 082090 074096
Amill027 ,  049049 085086 082082 083084 066066 081087 060062 052052 082084 070078
Amill028 ,  050050 085086 079082 082079 067063 085093 054058 052050 084092 070090
Amill029 ,  049049 085085 079082 079087 066066 085085 058058 053053 082082 070096
Amill030 ,  049049 086084 079085 083081 065062 081081 058058 052050 090090 070070
Amill031 ,  049049 085086 082080 082082 066062 095093 058058 052052 084084 070070
Amill032 ,  049049 085086 079082 083089 066066 087095 054058 059059 082090 070070
Amill033 ,  049049 085086 079082 082084 065066 089089 058058 052052 082082 070070
Amill034 ,  049049 085085 078095 083081 065066 093093 054058 052061 084084 070114
Amill035 ,  049049 086086 079082 079084 065066 085085 058058 052053 082082 088068
Amill036 ,  049048 085085 079093 082084 066062 093093 062062 052058 090090 086086
Amill037 ,  049049 086086 094082 082087 065066 089087 058058 052053 082082 072064
Amill038 ,  049049 085085 083095 083084 067064 095095 058066 052053 082084 088088
Amill039 ,  049049 085086 088087 082083 065066 091093 054054 052052 084088 072104
Amill040 ,  049049 085085 079082 083080 067067 089093 054058 059059 082090 070064
Amill041 ,  049051 085085 084082 088079 065066 087087 058058 053053 082082 070072
Amill042 ,  049051 085085 088089 079080 066067 087093 054058 052053 084084 074072
Amill043 ,  049049 085085 081081 082080 065066 085085 054054 051053 082090 088098
Amill044 ,  049049 085086 079082 083081 066066 091087 058060 051052 088092 076098
Amill045 ,  049049 086086 082082 085085 066066 089089 054052 051051 082090 070092
Amill046 ,  049049 086086 082087 085080 066066 091087 058058 053053 082084 070072
Amill047 ,  049049 086086 082082 079081 066067 081085 058058 051053 082084 070074
Amill048 ,  049049 085085 079082 083080 066067 087087 058058 052059 106106 070070
Amill049 ,  049046 086086 082082 082083 066066 089087 054054 052064 094094 090106
Amill050 ,  049049 085085 084082 082083 066067 087093 058058 052053 090098 072100
Amill051 ,  048048 085086 079082 083084 065067 087087 054062 051053 082082 070108
Amill052 ,  049049 085085 079082 083080 066066 087087 054058 053055 090090 086070
Amill053 ,  049049 085085 082082 079083 066067 089087 058058 052053 082082 064106
Amill054 ,  049048 086086 088083 083081 066066 087085 058058 052052 104104 070070
Amill055 ,  052052 086086 090084 082083 066066 081089 058060 052053 094094 070070
Amill057 ,  049048 085085 082088 084084 065066 083085 058058 052052 082082 070072
Amill058 ,  049049 085086 079082 084087 066067 091087 058058 052062 090088 106108
Pop
WL001 ,  002049 048085 086082 082079 084066 066089 091054 052052 059000 070064
WL002 ,  049049 086086 082082 085091 065066 089091 060062 055050 084084 070070
WL003 ,  002049 049085 086082 083083 085066 066091 085058 058051 052000 070070
WL004 ,  048048 085085 079084 083085 065065 089089 058066 051058 092092 070074
WL005 ,  049049 085086 082082 083083 066068 085085 058060 053062 092100 070070
WL006 ,  049049 085085 079079 082085 066066 093093 052058 051056 082084 070064
WL007 ,  049049 085085 079083 082083 066064 087087 056058 052054 090088 070072
WL008 ,  049048 086086 082082 083087 065066 091087 052058 055055 082082 070070
WL009 ,  048048 086086 079079 082088 066067 089087 058058 115055 082082 072102
WL010 ,  049049 086086 082089 082090 066067 087095 058062 053055 092092 070082
WL011 ,  050048 085085 082082 083081 065066 089085 052058 053056 084094 072072
WL012 ,  048048 085085 082093 082083 065067 089087 058058 052052 082088 090072
WL013 ,  049049 086086 082087 081085 066066 089089 058060 052052 082082 086086
WL014 ,  049048 086086 079083 082082 066067 083085 054060 052052 084088 072082
WL015 ,  052052 085085 083077 082079 067068 089087 054056 052053 082082 070074
WL016 ,  048048 085085 082089 087085 065069 081095 058058 052052 082088 070070
WL017 ,  049051 085085 079081 083085 066066 093093 058058 052053 082092 102104
WL018 ,  048047 085085 082082 083083 065066 085085 054052 052052 082082 070064
WL019 ,  049049 085085 082087 084087 066066 091085 058062 055056 088088 070074
WL020 ,  049048 085086 083087 079083 066067 091087 058058 052057 088088 070088
WL021 ,  048048 085085 082086 082087 065066 087085 054058 052054 084084 070088
WL022 ,  049047 086086 079079 088083 065066 089089 054052 052050 082082 076076
WL023 ,  049049 085085 090083 083083 066069 091091 052058 052057 082082 070070
WL024 ,  049046 085085 082082 083085 066064 087087 052058 052058 090094 070070
WL025 ,  049049 085085 082082 079083 066067 089091 058058 052115 082082 064100
WL026 ,  049049 085086 085083 079085 066066 085085 058058 053055 082084 070098
WL027 ,  049048 085085 079082 082081 065067 089087 060060 051067 084084 070088
WL028 ,  049049 085085 087091 082079 066069 087087 060062 052058 082082 094076
WL029 ,  049049 085085 089077 088084 066066 087093 058058 051053 084092 070070
WL030 ,  049046 086086 088087 084085 066066 087087 054058 052052 082082 070070
WL031 ,  049049 086086 079082 082083 066066 093093 052058 051052 086086 070070
WL032 ,  049049 085086 082082 082083 066066 091087 058058 053054 088088 070072
WL033 ,  049049 085085 079087 082079 067069 085093 058060 051052 084084 070070
WL034 ,  049048 085085 079082 086081 066066 089089 058058 055063 082088 076076
WL035 ,  049049 085086 082082 079085 066067 089091 058058 052053 082082 070064
WL036 ,  049048 085085 079091 083083 065066 081089 054058 051052 082082 074082
WL037 ,  052052 085085 082082 079087 068068 081087 054058 053055 082082 064076
WL038 ,  049049 085085 079083 083080 066066 083087 058060 052053 082092 086104
WL039 ,  049049 085085 079082 088079 066067 089091 058058 053053 082082 070070
WL040 ,  049051 085085 082082 083084 066066 091087 054054 052052 090090 076076
WL041 ,  048048 086086 079082 082083 066064 095093 058066 052054 082090 070074
WL042 ,  049049 085086 079088 082083 066064 087093 052060 052053 090090 070084
WL043 ,  002049 048000 087091 083089 067067 085085 054066 051060 092092 070074
WL044 ,  049048 086086 084082 083087 066066 093093 054058 052052 084092 070070
WL045 ,  048048 086086 079082 088084 065066 087085 058058 051052 084086 070070
WL046 ,  049048 085086 079085 087085 066066 093093 060068 051052 082082 072072
WL047 ,  049049 085085 079086 083085 065066 091085 054054 053053 082084 070072
Pop
Myr01 ,  048048 085085 079082 083083 066066 083085 060060 051053 082090 064064
Myr02 ,  049051 085085 090085 079083 065066 081095 060060 053058 082084 072108
Myr03 ,  049049 085085 079082 084086 066066 081089 052058 058050 090090 070064
Myr04 ,  003000 085085 082082 082083 065066 093093 058058 051053 088109 074102
Myr05 ,  049049 085087 079080 083083 065066 087085 052058 052053 082082 070070
Myr06 ,  049049 085086 084082 082085 066066 087087 060060 053053 090090 070070
Myr07 ,  003049 048000 080093 082081 066066 089087 052058 051051 084086 070074
Myr08 ,  049049 085086 085088 083083 065066 089087 058060 052052 082082 070070
Myr09 ,  049049 085086 082082 083084 065066 089083 058062 051053 082082 072072
Myr10 ,  049049 086086 082082 083084 066066 081091 054058 052055 082082 086074
Myr11 ,  048048 085086 079082 083085 066069 089085 058058 052052 082082 090072
Myr12 ,  049049 085085 079082 087085 067067 091087 054058 052060 082090 090090
Myr13 ,  049049 085086 078080 083083 066067 089085 058062 052052 082100 070078
Myr14 ,  049047 086086 078082 079079 066066 091085 054058 053053 082100 070070
Myr15 ,  049049 086086 088091 083083 066066 087087 058062 052052 082082 064064
Myr16 ,  003048 048000 082093 083085 066066 087087 052058 055050 082082 090102
Myr17 ,  049049 085085 082077 083083 065066 089091 054058 052058 082082 072098
Myr18 ,  049049 086086 080080 084085 066066 087087 054058 052058 090084 070070
Myr19 ,  049049 086087 084080 083086 066066 081093 054058 052052 104104 074072
Myr20 ,  049049 086087 084091 082084 065066 087087 054058 051062 090094 070092
Myr21 ,  049049 086087 084086 083085 066067 097097 058058 051057 082083 070070
Myr22 ,  049049 086087 083087 088085 065064 085085 058058 051051 084094 070088
Myr23 ,  049049 087087 084084 088084 065066 087085 058060 052059 082082 078078
Myr24 ,  049048 087087 084081 083083 065067 087087 060062 051051 082082 086070
Myr25 ,  049049 085085 082082 083083 066066 091087 054058 052052 082092 070072
Myr26 ,  049048 085085 079082 083081 066067 089087 052058 052052 083085 086072
Myr27 ,  049049 085086 079082 082081 066067 083083 058058 051052 074074 084094
Myr28 ,  049049 085086 079082 082083 066067 083087 060060 051051 094094 074084
Myr29 ,  049049 085086 079078 081091 066066 085085 058058 051061 090086 070072
Myr30 ,  049047 085085 079082 083080 066067 095085 052066 052056 082090 070070
Myr31 ,  049048 085086 082082 083086 066066 089089 052062 051056 082090 070072
Myr32 ,  049048 085085 079080 079085 066067 093093 052060 055055 082066 074074
Myr33 ,  003048 048000 079093 079083 066069 081081 058058 052058 082082 086080
Myr34 ,  049049 085085 082088 085085 065066 089091 060060 059059 090090 070064
Myr35 ,  049048 085086 079079 079079 065066 091087 058060 052054 082086 072064
Myr36 ,  049048 086086 082081 087085 066069 089085 054058 051053 094117 070072
Myr37 ,  049049 085085 079091 085085 066066 091087 052058 053107 084094 074064
Myr38 ,  049048 085085 082077 083084 065067 087085 058062 052053 087113 084072
Myr39 ,  048048 085085 079082 084085 065069 091093 054058 052052 082092 084084
Myr40 ,  049049 085085 082080 087087 067069 087087 058058 054060 084084 070070
Myr41 ,  003049 049000 090089 087090 065066 087087 058058 052054 084092 070074
Myr42 ,  049049 085085 079082 083085 065066 091091 058060 052053 090092 074078
Myr43 ,  049049 086086 085093 084085 066067 081089 058060 051059 082082 086074
Myr44 ,  048048 086086 082080 082083 066067 081095 058058 052052 082082 070102
Pop
M001 ,  049049 085085 082089 083083 066067 089093 054066 054059 088088 070070
M002 ,  049049 086086 082082 083080 066066 089091 054058 053053 082088 064064
M003 ,  049049 086086 082082 083083 066067 095085 058060 052053 084088 064064
M004 ,  049048 086086 079078 082089 067067 085093 054058 053053 090116 070070
M005 ,  049049 085085 079082 086085 066066 087093 054058 054116 082092 072098
M006 ,  049049 085085 082085 084080 066067 089089 058058 116116 082090 070070
M007 ,  049049 086086 079082 079083 066066 089093 058058 053053 094098 070064
M008 ,  049049 085085 079082 083083 066066 091085 058058 053057 082084 070070
M009 ,  049049 085085 079083 082084 066064 085093 054062 052052 090090 070070
M010 ,  049049 086084 082082 083087 066066 091085 052058 053059 082092 064064
M011 ,  049049 085085 082082 083085 066066 087093 058060 052059 104082 070070
M012 ,  049049 086086 079082 083084 066066 087085 060062 052053 082082 070070
M013 ,  049049 086086 079090 084085 066067 081081 054052 051052 082088 082082
M014 ,  049048 086086 092082 083087 065065 095093 058062 051052 082082 070070
M015 ,  049048 085085 079083 083083 067068 091091 058058 053053 082082 070070
M016 ,  048048 085085 082082 088083 065066 089089 058058 051115 090092 070070
M017 ,  049049 085085 082082 082083 066066 083085 058058 052062 084084 070070
M018 ,  049049 085085 079082 079084 066067 089089 054060 053061 088092 064064
M019 ,  049049 085086 082081 082083 066066 081093 058060 059062 082082 070070
M020 ,  048048 085085 082088 079085 065066 093093 058066 055062 084084 082082
M021 ,  049048 085086 079082 083083 065066 089089 058060 052053 082084 070070
M022 ,  049048 085085 083087 083085 066066 083083 058060 052052 082082 070070
M023 ,  049049 085085 079082 079083 066066 083091 058058 052059 096096 074074
M024 ,  049049 085085 082089 082079 067067 091091 058058 052108 090094 070064
M025 ,  049048 085086 079091 083083 066066 087087 058058 054058 090084 070064
M026 ,  049049 085085 079082 082083 066067 091091 058058 052053 082090 070070
M027 ,  049049 085086 082085 083087 066067 089093 058058 052053 084088 070064
M028 ,  049048 085085 082082 079085 066066 089091 058060 052052 084084 064064
M029 ,  049049 085085 079078 077078 066066 085085 058058 052056 090090 072082
M030 ,  049048 087087 079080 083083 065066 091087 054060 052053 082082 074074
M031 ,  050050 086086 082080 079087 066066 087087 058058 053053 084100 070064
M032 ,  049048 086086 079082 082086 066066 091095 054058 052052 082082 064064
M033 ,  049048 086087 079079 088081 066067 091093 054054 053053 082094 070070
M034 ,  049048 085086 084077 083084 066067 093093 058058 052055 082102 072072
M035 ,  049049 086086 079080 082083 066067 087093 058058 052053 082094 070080
M036 ,  049049 085085 079080 087081 066066 081095 058062 052056 088088 070070
M037 ,  049049 085085 079080 087081 066066 081095 058062 052056 088088 070072
M038 ,  049049 086086 082082 082084 066067 089089 060062 052052 082082 104104
M039 ,  049049 086087 089080 083083 065066 087087 058060 052052 082082 070104
M040 ,  048048 086087 082081 082083 066064 091087 060060 052053 082092 092076
M041 ,  049049 086087 079082 082083 065066 083091 058058 052053 082082 086090
M042 ,  049049 086087 078082 079084 065066 091085 058058 052058 094094 078076
M043 ,  049049 086086 085083 083084 065066 091093 054058 052060 082110 070070
M044 ,  047047 086087 090078 087085 066066 089095 058058 052052 082108 070074
M045 ,  049048 086086 082089 088080 066067 087087 058060 052054 082082 086070
M046 ,  049048 085085 079082 087086 066067 087087 054062 051051 082082 070070
M047 ,  049049 086086 082082 083083 066066 091091 058058 051057 084084 070072
M048 ,  049049 086086 082082 088084 066067 089087 054058 051054 082082 070070
M049 ,  049049 086086 082088 082082 066067 089087 054054 055058 082082 070070
M050 ,  049049 085085 079082 079084 065066 091091 054054 053053 082086 100100
Pop
M051 ,  049049 085085 079082 083084 066066 081083 054060 062107 082082 070098
M052 ,  049048 086086 082086 084089 065066 091091 058060 053054 082090 070078
M053 ,  049048 086086 083080 084081 065066 089091 054058 053058 082082 084084
M054 ,  049049 087087 079091 082089 066067 091087 054058 052053 082090 070076
M055 ,  049049 086086 079082 083086 066067 089087 058060 052052 082082 070090
M056 ,  049049 085086 082088 088085 066066 083085 058066 051054 082082 070080
M057 ,  049049 086086 079082 079084 066066 091087 060062 051052 090090 070070
M058 ,  049049 086086 082083 083086 066067 087087 054062 052056 082082 070070
M059 ,  049048 085086 079088 083081 066066 087093 052060 053053 082082 072064
M060 ,  046048 086086 082082 082079 066066 089083 052052 052062 084084 074106
M061 ,  049049 086086 082082 079083 066064 085085 058058 050050 082082 072072
M062 ,  049048 085085 079079 079086 066067 093093 054054 053056 090084 086070
M063 ,  049048 085085 082083 087085 066064 091091 058058 052053 090088 072098
M064 ,  049049 087087 079090 082087 066066 085093 054058 052059 090090 078108
M066 ,  049049 087087 082077 083080 065066 083101 064064 056056 092092 070072
M067 ,  049049 086087 079082 082085 066067 087087 052060 051052 090088 084084
M068 ,  049049 086086 079079 083084 066066 089089 054054 052052 082084 070070
M069 ,  049048 086087 082082 079080 066066 083091 054058 052052 082092 070070
M070 ,  049049 086086 082082 081081 066066 087093 058066 052108 090086 070070
M071 ,  048048 086086 082082 083086 065066 093093 056062 052052 084088 106098
M072 ,  049049 086087 079082 081089 066066 085093 054058 052053 090088 100100
M073 ,  049049 086086 085080 083085 066066 085085 054052 051052 082096 070098
M074 ,  049049 086087 079090 083085 066069 087077 054058 052059 084084 070070
M075 ,  049049 086086 082083 083083 065066 077077 058048 053057 082082 072088
M076 ,  049049 086087 083087 079085 066066 087085 054052 051051 094094 070070
M077 ,  049049 085087 082082 082083 066066 093093 054060 053053 092092 070070
M078 ,  049049 087087 091080 081085 065066 087093 060060 052052 082090 086074
M079 ,  049049 086086 082087 083083 066066 089089 054060 052115 082082 064092
M080 ,  049049 086087 082088 079083 066066 081097 054052 052053 082082 070094
M081 ,  049049 087087 082082 083083 065067 087087 054060 059064 082108 086078
M082 ,  049049 086086 082083 082083 066066 091087 060062 053059 082082 072092
M083 ,  049049 086086 079079 079083 067064 089085 052058 052053 082092 072088
M084 ,  049049 085086 082087 079080 066066 093093 064068 052053 090084 072080
M085 ,  049049 085085 079085 079080 066066 089085 054060 052053 106106 070070
M086 ,  049048 086086 079081 082082 066069 093093 054058 052052 084096 088114
M087 ,  049049 086087 085091 083083 066067 085085 052058 053059 082092 070070
M088 ,  049049 086086 079087 083084 066066 091093 058058 052053 090096 070070
M089 ,  049049 087087 079082 083083 066066 087087 058058 052058 082082 064096
M090 ,  049049 086086 079082 083083 066066 093093 054058 052052 092092 070064
M091 ,  049049 086086 079079 079086 066066 089091 054062 052052 082084 070074
M092 ,  048048 085085 079082 087078 066066 093093 058058 051052 082090 070070
M093 ,  049049 087084 082086 083081 066066 089089 058060 052053 082082 074084
M094 ,  048048 086086 084082 087078 066066 081085 054058 052055 090090 070070
M095 ,  049049 086086 079082 086081 066066 091091 058058 053114 092092 070064
M096 ,  049049 087087 087087 079084 065066 083093 058058 052052 086110 070082
M097 ,  049048 086087 079082 083083 065066 087093 052058 052052 082082 102102
M098 ,  048048 087087 084084 082085 065066 089085 054052 053054 082094 076076
M099 ,  048048 087087 079087 079081 066066 087087 058058 053056 092092 070084
M100 ,  046048 087087 082087 081085 066069 091087 054054 052053 082082 074076
Pop
E001 ,  049049 086086 079090 084085 065067 089087 058058 052052 082090 070070
E002 ,  049049 085086 079086 084084 065064 091087 054054 054060 090106 078078
E003 ,  049049 085085 079082 083083 067067 093093 058058 052059 084084 070070
E004 ,  049051 085085 079082 083083 065067 091091 052060 052058 082090 074084
E005 ,  049049 086086 082087 082087 066069 091091 058060 052058 082114 070070
E006 ,  048048 085085 082081 082083 066064 087085 054066 052052 090102 064064
E007 ,  049049 085085 082093 083084 066067 083083 058058 060057 090084 070070
E008 ,  049049 085085 079087 085090 066066 083083 054060 052063 082090 078078
E010 ,  049049 085085 082083 082085 066066 089089 052058 053058 090084 070070
E011 ,  049049 090090 082087 082083 065066 089089 054054 051056 082082 070070
E012 ,  049049 085085 081087 084085 065066 087085 054062 052052 084092 070070
E013 ,  050050 086086 079079 084084 067067 089087 054058 053108 084084 086076
E014 ,  049049 085085 084082 083091 065066 087085 058058 051053 084084 070070
E015 ,  048048 085085 090090 082084 065065 089087 054058 052053 082082 070070
E016 ,  049049 086086 082082 082083 066066 087093 054058 052052 090110 070070
E017 ,  049049 086086 082082 082083 066066 087093 054058 051052 090110 070070
E018 ,  049049 086086 082085 083086 066067 081087 058058 053050 082082 070064
E019 ,  049048 086086 079082 083083 066066 085085 054058 052052 082082 070070
E020 ,  049049 085086 082082 079083 065066 089087 060066 051060 082082 070070
E021 ,  049049 086086 087087 083081 066066 089083 058058 052052 082090 072072
E022 ,  049049 086086 081088 084081 065066 081093 058058 051052 082108 064064
E023 ,  049049 085086 082082 083083 065067 081093 058058 051052 082084 074072
E024 ,  049048 085085 079088 084084 065066 089089 054058 067054 082082 070070
E025 ,  048048 085086 079082 082079 066067 087093 060060 054056 082092 070070
E027 ,  049049 085085 082083 083086 066066 087085 058058 052053 082082 070070
E028 ,  049049 085086 082086 082084 065067 089093 052058 052059 100100 070070
E029 ,  048048 085085 082082 088083 066066 093093 054058 053054 090092 070070
E030 ,  049049 085086 078082 082087 066066 091087 058058 053062 084116 070070
E031 ,  049049 085085 089086 083090 066070 091085 058062 051059 104090 070070
E032 ,  049049 085086 079078 083081 066070 087093 058058 052052 082082 070070
E035 ,  050051 085085 082083 083083 066066 091087 052058 063063 082094 070070
E036 ,  049049 086086 079087 082083 066066 089093 054058 052052 082092 070070
E037 ,  049049 086086 084078 079083 066066 091085 058058 059063 082086 092076
E038 ,  004049 049000 092082 083087 065066 089083 054062 052053 082082 070070
E039 ,  049049 085086 088087 083083 065066 091085 058058 053114 084086 070070
E042 ,  048048 085085 079081 079084 066066 081081 054058 053066 090084 070070
E044 ,  049049 085085 079082 083091 065066 085093 054058 052050 082084 074074
E045 ,  048048 085085 079082 087085 066067 087085 058060 051064 082082 074092
E046 ,  049049 085085 082082 085090 066066 087087 058060 053060 082092 070070
E047 ,  050050 085086 082082 085085 069069 089083 052058 052052 092092 074072
E048 ,  049051 085085 082082 083083 065066 089087 052058 058104 088088 074074
E049 ,  049048 086086 083083 082079 066067 087087 054060 054050 090090 086116
E050 ,  049049 085085 079082 082084 066066 081087 058060 052053 096096 070070
E051 ,  049048 086086 081088 079087 067067 091095 058058 052053 082082 070070
E052 ,  049049 085085 082082 079085 066066 085093 062062 052055 082082 070070
E053 ,  049049 085086 079082 082083 065069 091093 054060 053115 090088 070070
E054 ,  049051 085086 079082 083083 066066 085077 052058 052052 084088 064064
E055 ,  004049 049000 085093 082083 065066 083085 054058 052052 090110 070070
E058 ,  048048 085086 079083 082091 065066 089089 054060 053063 096096 070070
Pop
M101 ,  049049 087087 079079 079083 066066 089087 058058 051053 082092 064080
M102 ,  049049 085085 079083 083083 066066 089091 054060 052059 082090 070064
M103 ,  048048 086086 082085 079084 066066 083093 054058 115054 084088 086064
M104 ,  049049 085085 082087 088084 064069 091087 058058 052058 084084 070084
M105 ,  048048 086086 079088 083085 066067 087087 058060 052052 090084 070078
M106 ,  049048 086086 082088 082083 066066 089087 058058 053054 088088 074074
M107 ,  049049 087087 079082 083083 066067 087095 052058 052053 082088 070076
M108 ,  049049 086086 082089 085090 065066 091093 054054 052063 096094 070070
M109 ,  049049 087087 078082 083087 066066 087093 054054 058060 096094 070072
M110 ,  049049 086082 082085 084080 066066 087087 054060 053059 104104 070070
M111 ,  049049 086086 079087 083083 066066 085085 058060 053057 082094 074074
M112 ,  049049 086086 079079 082083 066066 091091 054060 052058 082082 070070
M113 ,  049049 086087 079082 079087 066067 083093 058058 052054 090090 070070
M114 ,  049048 086086 082085 085085 067069 091091 058058 053062 082082 064064
M115 ,  050051 086084 089091 087085 066066 087087 058058 052053 084092 070096
M116 ,  049049 086086 079082 083090 066066 091091 054058 052053 092094 104104
M117 ,  046048 087087 082077 083087 066064 091087 054060 052053 082108 070078
M118 ,  049048 086086 079079 083083 065064 089099 058062 052052 090122 070072
M119 ,  049049 087087 079085 083083 066067 091091 054054 053059 112112 094082
M120 ,  049049 086086 082087 085080 066066 087093 056058 052053 082082 074078
M121 ,  049049 086086 090082 082083 065066 089085 054054 052052 090094 070064
M122 ,  049049 085086 082082 079087 065066 089093 054054 052052 082092 070070
M123 ,  049049 086086 079085 084086 066067 095097 058058 051052 082082 086072
M124 ,  049049 085085 079082 082079 066066 083077 054058 052052 110110 070090
M125 ,  049049 085085 089087 083083 066067 093093 058058 051051 082092 070100
M126 ,  049049 085086 079088 082083 066066 085093 058058 052055 090092 090074
M127 ,  049049 085085 082085 088083 066067 085085 060062 054054 082086 102102
M128 ,  049049 085085 082088 085080 066066 083087 054058 052053 084084 070094
M129 ,  005049 049085 085082 082083 084066 066091 093054 058058 057000 070100
M130 ,  049048 085085 082082 083085 066067 085093 054058 059061 090090 070088
M131 ,  049048 085085 079083 084086 066066 081093 054060 052050 082084 070074
M132 ,  049049 085085 079082 083083 065067 087093 058060 053061 082086 070082
M133 ,  049049 085085 079079 079080 066066 087087 058058 052052 082088 070096
M134 ,  049049 085085 082082 083081 066066 081087 052058 052053 082066 070072
M135 ,  049049 086086 082087 082087 066066 087087 054062 052053 082084 100100
M136 ,  049049 085085 079092 084084 066067 083091 058060 052057 084084 070070
M137 ,  049049 085085 079082 083085 067067 081081 052058 053054 084084 086070
M138 ,  049049 085085 079086 084084 066067 083091 058060 052057 084084 070070
M139 ,  005049 049085 086082 087082 085066 067091 091058 058052 052000 070064
M140 ,  049048 085085 082089 083081 065066 085085 058060 052052 082082 070070
M141 ,  049049 085085 082082 079079 065066 095093 058058 058058 082094 070108
M142 ,  049049 085086 079088 079087 066066 095093 054058 051052 086086 070070
M143 ,  049049 085086 078082 084081 065067 091091 054066 052052 082096 074108
M144 ,  049048 086086 088083 079087 066064 087087 058058 051059 082082 070084
M145 ,  049049 085085 087091 079083 066066 081071 058058 052053 082082 070070
M146 ,  049048 085086 079087 079085 065066 087087 054058 051052 082082 072064
M147 ,  049049 085086 082082 083083 066050 087087 054058 053050 082082 070078
M148 ,  049049 085086 079082 079087 066066 081083 054052 052052 082084 070070
M149 ,  049049 085085 082085 081089 066067 087087 054060 052052 092066 122122
M150 ,  005000 086086 079082 081085 066067 083091 058060 051053 082082 070072
Pop
Amill559 ,  049049 086086 079084 083084 066066 093093 054066 062057 082088 070070
Amill560 ,  049048 085085 082082 082079 066066 083091 058058 052053 082082 070070
Amill561 ,  049049 085086 082077 087085 066067 089093 054054 053063 082086 070064
Amill563 ,  050048 085086 082082 082083 065067 087093 054058 052052 084098 064064
Amill564 ,  048051 085085 082077 081085 066066 085085 058060 053054 082082 070064
Amill566 ,  049049 085086 082085 083085 065067 091085 058060 052052 088088 070070
Amill568 ,  049049 085086 081077 088088 065065 089083 058058 053060 090086 066066
Amill569 ,  049048 085086 081087 083081 066066 083087 060060 052062 090090 070070
Amill570 ,  049049 085084 079091 080080 065066 083087 054058 056062 082082 070070
Amill571 ,  049051 085085 082082 088083 065066 081087 058060 052053 082096 070070
Amill572 ,  005049 049000 079082 083087 066067 089087 058058 052052 082106 070064
Amill573 ,  049049 085086 079082 083087 066067 089087 058058 051052 082106 070064
Amill574 ,  049049 085085 079082 082084 066064 083083 052058 115059 094094 074074
Amill575 ,  049049 085085 082077 080080 067067 089085 058058 060060 082088 078076
Amill576 ,  049048 086086 079082 082084 066066 083091 052060 052053 096096 070072
Amill577 ,  049049 085086 082082 084084 065065 089091 056062 052057 082092 086086
Amill578 ,  049049 085086 079077 080080 065066 089097 058058 060060 082090 066066
Amill579 ,  049051 085086 079080 082081 065066 085085 058058 052052 082086 072064
Amill580 ,  049048 085086 082080 082083 065065 083083 056062 056056 082090 066066
Amill581 ,  049049 085086 079082 083083 065065 091091 058060 052052 096096 072072
Amill582 ,  049049 086087 077080 083081 066066 089085 058058 056056 090094 072072
Amill583 ,  049049 086086 082091 088084 066066 089087 058060 051054 082082 070070
Amill584 ,  049049 086086 090082 088084 066066 089087 058060 051054 082082 070070
Amill585 ,  049049 085086 082087 087085 066067 089091 058058 052052 082082 074074
Amill586 ,  049049 086086 079082 082085 066066 087087 058058 052062 082088 070070
Amill587 ,  049049 085085 092089 079086 066067 087093 056050 052052 082086 064064
Amill588 ,  049049 085087 079077 087089 065065 089101 058060 053056 082090 066066
Amill589 ,  049048 085085 079082 083085 065066 087087 054058 052060 082088 070070
Amill590 ,  049049 085085 081077 083087 066066 081089 058058 051056 088086 070070
Amill591 ,  049049 087087 077080 084085 067067 077075 058062 056058 082092 070070
Amill592 ,  048048 085086 079089 083081 066066 081081 060060 051051 082100 070064
Amill593 ,  049049 086086 090083 079085 066067 089089 058060 055111 082082 070074
Amill594 ,  049049 085085 079082 085091 066066 089095 058060 053053 090092 082082
Pop
Amill158 ,  049049 085085 079087 083084 065066 093093 056050 060057 082082 070070
Amill159 ,  049049 085085 079087 083084 065066 093093 052058 060057 082082 070070
Amill160 ,  049049 086086 082082 079083 066066 081081 054058 051052 082082 070072
Amill161 ,  049049 085085 082082 082080 066066 087093 058058 051051 090084 070070
Amill162 ,  049048 085085 084080 083083 066066 085093 058058 052052 104082 070070
Amill163 ,  049047 085085 090091 081081 066066 085085 058058 052053 104082 064064
164_Hol ,  049049 086086 079090 083081 066066 087093 054054 052053 080080 070070
Amill165 ,  049047 085086 079082 079084 066066 091087 060060 051059 082082 070070
Amill166 ,  049048 085085 082087 079084 066067 089089 058058 051059 082082 064064
Amill167 ,  049049 085085 082086 083091 066066 085085 058060 052063 082082 116118
Amill168 ,  056056 085086 084082 083084 069070 093093 058058 052053 084088 074074
Amill169 ,  049051 085085 082082 083087 066067 075075 054054 052053 082088 070070
Amill170 ,  049049 085085 079079 083085 065066 081087 058060 052053 082082 064064
Amill171 ,  049049 085085 082082 083083 066067 083083 058060 052053 088092 070070
Amill172 ,  048048 085085 082082 083087 066066 081087 052058 052052 092092 070070
Amill173 ,  049049 085085 077077 087080 065065 089091 058060 051060 082092 072082
Amill174 ,  048048 085085 082083 079085 066064 083085 054054 053053 084092 072088
Amill175 ,  049049 085086 085085 083091 066066 089089 058060 053059 088096 070064
Amill176 ,  049048 086086 079082 082094 065066 091091 054054 052052 082096 074072
Amill177 ,  049048 085085 082083 083085 066066 087097 054058 056060 082096 070070
Amill178 ,  049049 086086 087080 082079 066066 091091 056060 058058 084092 090100
Amill179 ,  049048 086086 082083 079085 066066 091087 058058 052059 082084 074092
Amill180 ,  049049 085086 082082 083085 065066 089091 058058 054054 082082 064064
Amill181 ,  049049 085086 079080 083085 065065 089085 050050 052052 082092 070070
Amill182 ,  049049 085085 082083 079083 066067 089091 058060 052053 056056 068068
Amill183 ,  049049 085085 079082 085085 065065 089087 056050 052058 082082 090108
Amill184 ,  049049 085085 082087 082084 067067 089089 058060 051053 082082 070070
Amill185 ,  049049 085085 079078 087087 066066 081081 054054 052053 082082 070070
Amill186 ,  048047 086086 084082 088085 066066 095095 058058 052053 090090 064064
Amill187 ,  049049 085085 092083 082083 066067 089095 054058 052052 090090 084098
Amill188 ,  049047 086086 084082 088085 066066 095095 058058 052053 090090 064064
Amill189 ,  049049 085086 082082 082082 065066 083085 056060 053058 094094 070070
Amill190 ,  049049 085085 078077 079085 066066 087087 058058 052053 104082 070064
Amill191 ,  048048 086086 082082 079083 066067 089091 054058 052053 082082 072072
Amill192 ,  048048 085085 079082 083087 066066 089089 058060 052060 082092 072072
Amill194 ,  048048 085085 082080 083081 065066 087087 058062 052054 082088 070070
Amill195 ,  049049 085085 079087 083086 066066 091085 054064 053053 082082 076076
Amill197 ,  049048 085085 082083 083085 066066 091087 054052 052050 082090 074074
Amill198 ,  049049 085085 079082 082088 066066 089093 054058 053053 082082 070076
Amill199 ,  049049 085085 082083 083084 066067 091091 058058 051052 082082 092092
Amill200 ,  049049 085085 079082 083083 066067 089087 054058 053054 104082 070070
Amill201 ,  049048 085086 090088 079085 066066 085085 054058 051052 082066 070114
Amill202 ,  049048 086086 079082 079078 065067 089093 054060 052053 082108 070092
Amill203 ,  049049 085086 082077 082084 066066 085093 066066 051052 090094 064064
Amill204 ,  049049 086086 084082 082086 066067 089089 058060 052052 082084 074074
Amill205 ,  049049 086086 082082 084086 065067 089093 054060 052052 082090 110104
Amill206 ,  049049 086086 079079 079085 065067 089091 054058 052052 082088 072072
Amill207 ,  049049 085085 084082 083085 066067 091087 058058 052061 082102 074074
Pop
Amill601 ,  049049 085085 077077 083080 067067 083093 054058 051059 088092 070064
Amill602 ,  049047 085085 082082 084081 065066 095093 058060 052053 082094 070064
Amill603 ,  049049 085085 079090 084085 065066 087093 058058 054059 088112 086070
Amill604 ,  049047 085085 084084 083084 066066 089085 058058 052053 088092 070072
Amill605 ,  049049 085085 079090 087089 066067 085085 058062 052056 084084 090080
Amill606 ,  006047 047000 092083 082083 066066 089085 058060 052062 090100 090090
Amill607 ,  049049 086087 086080 083083 065065 089085 060066 054054 088092 086086
Amill608 ,  006050 050086 086078 082086 080065 065081 093054 058056 062094 094000
Amill609 ,  006000 087087 083080 084085 066066 095093 058064 052054 088096 070070
Amill610 ,  050050 086086 083083 083081 066066 087087 058060 053053 082092 064064
Amill611 ,  049049 087087 081087 083085 066066 075075 058060 052053 080072 070070
Amill612 ,  050050 087087 084080 083080 066066 085093 054054 060060 082084 070070
Amill613 ,  050051 085085 083083 080090 066069 083093 060060 052061 082082 072072
Amill615 ,  050050 085086 078078 080080 065065 089089 060064 051056 086092 072066
Amill616 ,  050050 086086 083080 079083 066066 087087 052058 052053 082082 070064
Amill617 ,  049049 085086 090082 083083 066069 089083 060060 051051 082086 100102
Amill618 ,  050050 085085 087080 079083 065066 085093 058060 052115 082094 096108
Amill619 ,  049049 085085 082080 083087 066066 081097 058058 052052 090090 070064
Amill620 ,  049049 085085 083093 083085 066067 087087 058058 051054 094094 070070
Amill621 ,  049049 087087 077077 080080 065068 091085 058060 054049 082088 070072
Amill622 ,  049046 086087 077086 084084 067068 089089 066064 056049 088088 072068
Amill623 ,  049049 085085 077077 080080 067067 089085 054058 056057 090112 070064
Amill624 ,  049049 085085 088077 080080 066066 089095 060060 051060 082092 066066
Amill625 ,  049049 085087 083077 080080 065066 089083 054062 056061 082090 070064
Amill626 ,  049049 086086 077080 080089 065068 089089 060060 051056 090086 070070
Amill627 ,  049049 085085 082077 079085 066066 093093 052058 051062 082086 070066
Amill628 ,  049049 085085 082083 083085 066066 075075 054058 052052 082080 076076
Amill629 ,  049049 087087 079081 082085 065066 081085 058058 052052 088094 076102
Amill630 ,  049049 085086 077077 083083 065066 093093 058060 052052 082092 070070
Amill631 ,  049049 085085 082082 082085 066066 087087 058060 051053 082090 070070
Amill632 ,  049048 086086 079082 079083 066066 085093 058058 051060 088108 064064
Amill633 ,  049049 085085 077077 083080 067067 093103 054058 052052 088092 070072
Amill634 ,  049049 085086 082083 079083 066067 087087 058066 054056 096108 072072
Amill635 ,  049049 085087 077073 087087 066066 089085 058058 054057 082082 066066
Amill636 ,  049049 085086 077080 083080 066066 089085 058058 053056 090094 072072
Amill637 ,  049049 085086 077077 083080 065067 089089 058058 056062 088088 070070
Amill638 ,  048048 085085 079080 080080 067067 089089 054058 049057 082082 070072
Amill639 ,  049049 085086 082077 083081 066066 091093 058058 052054 082082 066066
Amill640 ,  049049 086086 088089 088083 066066 091093 052058 052054 082090 070072
Amill641 ,  049049 086086 088089 088083 066066 089083 052058 052059 082090 070072
Amill642 ,  049049 086086 078082 084081 066066 081089 054058 053056 082090 070070
Amill643 ,  006049 048000 079080 083083 066066 081089 058058 053055 082082 070070
Amill645 ,  049049 086084 082082 083091 065066 087085 058060 053053 082090 070070
Amill646 ,  049049 085085 077077 080080 066066 089091 056064 056056 090090 076076
Amill647 ,  049049 085085 078085 083087 066066 087087 058066 051051 082084 070070
Amill648 ,  049049 085085 079082 083080 065066 089091 058062 052115 082090 064064
Amill649 ,  049049 085085 082080 083080 065066 089091 058062 052115 082090 064064
Amill650 ,  049049 087087 079081 082085 065066 081087 058058 052052 088094 076102
Pop
Amill456 ,  050050 085086 077077 083081 067067 089089 054056 059059 090090 068068
Amill457 ,  049049 085085 082082 083080 067067 089083 054054 056059 090094 070066
Amill458 ,  007049 049086 086077 077083 083065 065089 085058 064056 056096 092000
Amill459 ,  049049 086086 078082 081081 065065 081085 054062 052052 082090 064064
Amill460 ,  049049 085085 083087 083084 066066 091085 054054 061061 090084 068068
Amill461 ,  049049 086086 079082 081081 066066 081085 054054 056057 082090 064064
Amill462 ,  048048 085085 082082 083085 066067 083083 054058 056056 086086 070070
Amill463 ,  007049 049000 079082 083080 066067 085085 058058 052052 082096 070070
Amill464 ,  049049 085085 082082 083084 066066 091095 058058 052052 084096 070070
Amill465 ,  049049 086086 079082 083083 065065 091087 058058 051054 082094 070070
Amill466 ,  007049 049086 086077 080080 080065 065089 089054 054056 061092 106000
Amill467 ,  049049 085086 077080 081080 065065 089091 056058 054056 088108 084064
Amill468 ,  049049 085086 077077 081080 065065 089091 056058 054056 088088 084084
Amill469 ,  049049 086086 077077 082080 065065 089089 054058 054049 090092 072072
Amill470 ,  049049 085089 077077 080080 065065 085085 058058 054056 082084 074074
Amill471 ,  007049 048085 089082 081086 086065 065083 083060 064056 056084 088000
Amill472 ,  007049 049085 085077 077080 089066 066087 087058 058056 056090 088000
Amill473 ,  049049 085087 077077 080089 066066 091087 058064 056056 092094 070070
Amill474 ,  049049 085085 078087 088089 065069 089091 052052 057057 082082 070070
Amill475 ,  049049 086086 078082 083083 066069 083087 058058 052052 082082 072082
Amill476 ,  049049 085085 079083 083080 067064 087085 054058 053053 082090 070070
Amill477 ,  049049 086086 079090 083083 065066 087087 052058 052058 082084 080082
Amill478 ,  048048 085085 079084 079083 066066 089087 058058 061061 082094 070070
Amill479 ,  048048 085085 079084 079083 066066 089087 058058 060061 082094 070070
Amill480 ,  049049 085085 078082 088087 066066 087093 058060 052062 110120 100078
Amill481 ,  049049 085085 077077 083083 065065 081085 058064 056049 092092 070070
Amill482 ,  049049 086086 079088 088083 065067 091091 060060 052052 082082 070070
Amill483 ,  049049 086086 082077 080080 065065 085085 058058 051056 082090 074074
Amill484 ,  049049 086086 082080 080080 065065 083097 056058 054057 082090 070070
Amill485 ,  049049 085086 077077 083080 065065 089087 058058 054056 088080 070074
Amill486 ,  049049 085086 081081 080080 065065 081085 060060 054056 082100 066066
Amill487 ,  049049 085086 090082 079080 065066 089093 054058 054054 088088 070064
Amill488 ,  007049 048086 086079 077083 084065 065091 085058 060051 056090 096000
Amill489 ,  007049 049085 086079 077079 083066 066089 089058 058056 056090 068000
Amill490 ,  049049 085085 078080 087080 065065 089089 058060 055056 082090 070066
Amill491 ,  049049 085086 077077 080080 065066 083087 054060 055056 082082 070070
Amill493 ,  049049 085085 077077 088080 065065 083085 058060 056057 090094 070066
Amill494 ,  049049 085086 076076 083080 065065 089087 058058 054055 088080 070066
Amill495 ,  049049 086086 078082 083083 065067 087087 054054 052053 082088 072072
Amill496 ,  049049 086087 077076 084089 066066 087087 058060 056061 096086 070066
Amill497 ,  049049 086086 079076 084080 064064 093093 060062 054056 082090 070066
Amill498 ,  049049 085085 082082 083084 066067 089087 058058 054055 084088 070070
Amill499 ,  049049 085085 076076 087080 065066 089093 058058 056057 090088 070066
Amill500 ,  049049 086086 078077 080080 065065 085097 058062 051051 090090 070070
Amill501 ,  049049 085086 088087 082083 066067 089089 058062 052053 082090 070070
Amill502 ,  049049 085086 082082 086080 065065 083085 056058 056059 082092 070070
Amill503 ,  049049 085085 083076 083080 065065 089089 058058 051056 090086 070070
Amill504 ,  049051 085086 082087 079083 066066 091087 054058 053059 082096 070070
Amill505 ,  049049 086086 082076 080089 065066 087093 058058 056056 082090 070070
Amill506 ,  049049 085085 082081 087087 067067 081089 056058 055056 082082 070070
Amill507 ,  048048 085085 082083 083085 066067 095085 054060 053061 082082 070070
Pop
Amill258 ,  049049 085086 085087 083081 066066 091091 054058 051053 090088 084072
Amill260 ,  049049 085085 079081 083086 066067 095093 058058 053053 082084 070070
Amill263 ,  049048 085085 082082 084084 065066 085093 054058 052053 086086 070070
Amill264 ,  049049 085085 091080 082083 066067 087087 058058 052054 082092 070064
Amill265 ,  049051 086088 082082 085094 066066 089087 054058 053053 084094 070096
Amill266 ,  049049 084084 079079 086081 066066 087093 054058 051054 082082 064064
Amill267 ,  049046 085084 078083 082083 066067 083083 068068 052054 082096 080112
Amill268 ,  049046 084084 078083 082083 066067 085085 058050 052054 082096 064066
Amill269 ,  049048 086086 079082 083083 066066 093093 058060 051053 084088 072088
Amill270 ,  050046 085085 082087 082081 066066 095095 054054 051052 082082 070070
Amill271 ,  049049 086086 082085 083083 066066 093093 054058 053053 082082 070070
Amill272 ,  049048 085085 079086 079084 066066 087097 054054 051051 082088 108108
Amill273 ,  048051 087087 079082 083084 065066 095095 054058 051051 082090 070074
Amill276 ,  049048 085085 082082 083083 066066 091087 054060 052053 082084 064064
Amill277 ,  049048 085085 079079 083084 066067 081083 058060 052054 082090 064064
Amill278 ,  050052 085085 079079 088083 066066 089089 058058 051052 094110 072072
Amill279 ,  049049 085085 082082 083085 066069 091091 058062 052054 082082 070084
Amill280 ,  049049 085085 082088 083081 066066 089089 058058 051053 090092 072100
Amill281 ,  049048 085085 078082 083083 067064 091087 058058 051052 090088 070072
Amill282 ,  049049 086086 082087 079083 066066 089083 058058 052053 082100 080088
Amill283 ,  049049 085086 077077 087080 065067 083083 054058 053053 090090 084084
Amill284 ,  049049 085085 087086 082087 066066 089089 058058 052061 082082 070072
Amill285 ,  049049 085085 085083 083087 065066 081087 054058 052053 082082 070070
Amill286 ,  047047 085085 079079 084092 066066 081091 058058 052053 082082 072082
Amill287 ,  049049 085086 082082 083083 066069 087097 054058 052053 082090 070074
Amill288 ,  049049 085086 078082 079084 065069 087087 058058 052054 082090 070084
Amill289 ,  049049 085085 088083 082085 066066 087093 058060 052056 082082 078076
Amill290 ,  049049 085085 082089 083083 066066 087085 058060 052054 084084 070074
Amill291 ,  048048 085085 082080 082083 066066 081093 058058 052059 082082 070070
Amill293 ,  049048 085085 084080 084086 066067 091091 054060 052059 092092 070070
Amill292 ,  049049 085085 082077 082083 066067 087087 058058 052052 082092 070064
Amill294 ,  049049 085086 082082 083083 066066 087087 054054 053053 084088 070070
Amill295 ,  052052 085086 094083 082083 067068 083091 058058 053053 090090 084084
Amill296 ,  049048 085086 079082 082083 066066 089089 052058 052052 082090 070092
Amill297 ,  049049 085085 083087 079083 067067 085085 054058 052050 082082 078076
Amill298 ,  049049 086086 082088 084084 066066 083085 054058 053053 082082 086070
Amill299 ,  049049 086086 079079 083085 066066 093093 058058 052052 082082 074074
Amill300 ,  049048 086086 082087 082084 066066 085085 054058 055055 082088 070074
Amill301 ,  007049 049000 082082 083085 066069 089091 058062 052054 082082 070084
Amill302 ,  048048 085085 085088 079083 066067 087085 058058 052053 082110 064064
Amill303 ,  049049 086086 079083 082085 065067 091087 054064 051061 090090 086080
Amill304 ,  049049 087087 079083 082085 065067 091087 054064 051061 090090 086080
Amill305 ,  049049 087087 079083 083087 066066 089087 054058 052062 082082 074074
Amill306 ,  050051 085086 083080 083081 065066 087087 058058 055058 090090 070072
Pop
Amill508 ,  049049 086086 076076 083089 066066 089087 058058 056062 082082 070070
Amill509 ,  049049 085085 082082 083080 065065 089089 058058 056062 082114 070070
Amill510 ,  049049 085086 076076 080080 066066 087085 058060 058062 088088 070070
Amill511 ,  049049 086086 082077 082083 067067 089085 058062 060065 082082 070072
Amill512 ,  049049 085086 076076 080080 065065 081083 058058 056056 090088 070072
Amill513 ,  050050 087087 080076 080080 065066 089085 058060 056056 110110 072072
Amill514 ,  052052 085085 082082 080080 067067 089091 054052 051052 090090 072072
Amill515 ,  049049 085086 076076 080080 066066 087085 058060 058062 088088 070072
Amill516 ,  049049 085085 082082 082084 066067 087087 058058 052052 088088 074074
Amill517 ,  048048 085085 078076 083083 065065 089089 052060 052061 082116 064064
Amill518 ,  049049 085086 079079 082083 066066 087087 058058 058050 082090 078066
Amill519 ,  008048 048086 086077 077083 093064 064091 091058 058051 056088 088000
Amill520 ,  049049 085085 082082 083086 066066 091091 052058 053060 084084 070070
Amill521 ,  049049 085085 082082 083083 066066 091091 056058 052053 118118 070070
Amill522 ,  049048 086086 081081 083080 065065 089087 058064 051061 092092 070078
Amill523 ,  049049 085086 080076 083087 065065 091095 054060 063061 082096 070070
Amill524 ,  049049 086086 076076 087080 065065 089089 058058 056057 082090 070070
Amill525 ,  049049 085085 082082 081085 065065 085085 058060 052052 082096 064066
Amill526 ,  049049 085086 082082 083083 065065 091093 058058 051056 060060 072072
Amill527 ,  051051 085086 077077 087080 066066 081087 058064 054054 082090 070070
Amill528 ,  049049 085085 082082 083086 065065 091091 052058 053060 084084 070070
Amill529 ,  049049 085085 078076 080080 065065 089093 056060 051053 082088 064064
Amill530 ,  049049 085085 078078 082083 066067 087085 054054 051053 090090 072072
Amill531 ,  008049 049085 086082 082087 080065 067083 085054 058054 056082 088000
Amill532 ,  049048 085085 082082 083083 066066 087095 058058 051060 082094 070070
Amill533 ,  048048 085086 083076 084080 065065 085085 054058 056057 082090 070070
Amill534 ,  049049 086086 077077 087089 066066 089093 056058 054056 084088 070070
Amill535 ,  049049 086086 077077 087089 066066 089093 058058 054056 082086 066066
Amill536 ,  049049 086086 082080 083087 067067 085085 058060 052052 082088 070070
Amill537 ,  049049 085085 082080 083090 064064 091085 054058 054056 086086 076076
Amill538 ,  049049 085086 079079 082083 066066 087087 058058 058050 082090 078078
Amill539 ,  049049 085085 082082 079083 067064 095085 058058 052055 082122 074074
Amill540 ,  049049 086086 077077 083080 067067 083087 054060 053056 092094 070070
Amill541 ,  049048 085085 079077 083080 067067 085085 058058 056057 082094 070070
Amill542 ,  049051 085085 082082 084080 066066 087085 054058 052053 118118 070070
Amill543 ,  049049 086086 077080 088080 065065 081091 056058 052056 082090 084084
Amill544 ,  049049 085085 077077 080080 066068 087087 054062 056049 086094 064066
Amill545 ,  048051 086086 078081 079087 065067 087087 058058 052052 082090 064064
Amill546 ,  049048 085088 077077 087090 065067 095095 060060 053056 090090 088088
Amill547 ,  049049 086086 077077 087080 065065 095095 054058 056062 082082 064064
Amill548 ,  049049 085085 079079 083085 066067 081089 058058 052052 082082 070070
Amill549 ,  049048 086086 077077 089093 067067 089083 060062 056056 086086 070070
Amill550 ,  049048 085087 081077 083080 065065 089093 058058 056056 082092 070070
Amill551 ,  049049 085085 077080 083080 065065 095095 058058 051056 092092 070070
Amill552 ,  049049 085085 082088 086081 066067 081081 054058 052053 082090 074072
Amill553 ,  049048 085086 081077 080080 066066 089089 058060 054057 090088 070070
Amill554 ,  049049 085086 077077 080080 066066 091085 060068 056057 082092 066066
Amill555 ,  049049 085086 082077 080080 065065 089085 060064 060060 088100 076066
Amill556 ,  049049 085085 077077 083081 065065 089085 058060 056056 088088 066066
Amill557 ,  049049 085086 077077 083080 066066 089085 060062 054054 082090 066066
Amill558 ,  049049 085086 077080 083083 065068 089089 058058 053056 090092 066066
Pop
Amill308 ,  050050 085085 081083 083084 067069 085093 058058 052053 110108 090074
Amill309 ,  050050 085085 081083 083084 066068 085093 058058 052053 110108 090074
Amill310 ,  050050 085086 090081 088084 066067 087099 058060 055062 082082 094076
Amill311 ,  049049 085085 082080 083084 067069 085093 058058 052053 106108 074088
Amill312 ,  050050 085085 084082 083084 067069 091087 058058 052053 106108 090074
Amill316 ,  049049 085085 082080 082083 067069 091085 058058 052053 106108 074088
Amill318 ,  049049 085085 079079 082083 066066 083085 052058 053054 092092 070070
Amill319 ,  049049 086086 085083 085085 066067 087087 054054 053060 082092 070076
Amill320 ,  049049 085085 079082 083084 065066 091085 054054 052059 082082 070072
Amill321 ,  049049 085085 082082 083081 066066 085085 054058 057057 082084 070070
Amill322 ,  049049 085085 079082 083083 066066 091091 058058 052053 082084 074074
Amill323 ,  049049 085085 082085 082086 066066 081083 058058 053053 082090 070076
Amill324 ,  049049 086086 079082 083083 066064 081087 054066 053053 084084 070072
Amill325 ,  049049 085085 079082 083083 066064 081087 054066 053053 084084 070072
Amill326 ,  049049 085085 079088 087080 066067 081087 054060 052052 082096 094088
Amill327 ,  049049 086086 079082 082083 066066 087087 054054 052057 082086 070072
Amill328 ,  049049 085085 084082 088083 066066 087093 058058 051051 090084 070070
Amill329 ,  049049 086086 082080 082083 067069 091085 058058 052053 106108 074088
Amill330 ,  049049 086086 082083 083085 066066 091091 052060 052058 094094 070070
Amill332 ,  049049 085085 082080 082083 067069 091085 058058 052053 106108 074088
Amill335 ,  049049 085085 082080 082083 067069 091085 058058 053053 106108 074088
Amill339 ,  049049 085085 082080 082083 067069 091085 058058 052052 106108 074088
Amill340 ,  049049 085087 082087 083085 066064 087093 050050 052052 082082 080080
Amill341 ,  008049 049086 086079 087084 084066 069091 087058 060052 052082 084000
Amill342 ,  049048 085085 079079 083085 066066 081087 058058 064064 086100 086070
Amill343 ,  049051 086086 082083 082083 066066 081093 058058 052054 082082 084072
Amill344 ,  049049 085085 082080 082083 067069 091085 058058 052053 106108 074088
Pop
Amill393 ,  049048 086086 079077 083083 065067 083095 064064 051055 090090 064064
Amill394 ,  049048 085085 082077 080080 065067 087085 064064 056057 082082 092092
Amill395 ,  049049 085086 077080 083080 067067 083087 064064 051049 088092 094094
Amill396 ,  049049 085085 085080 082080 065065 089091 064064 055056 082082 080080
Amill397 ,  049049 085086 077080 083080 067067 083087 054056 051049 088092 070066
Amill398 ,  049049 085087 082077 088083 065067 089087 058060 055049 082094 070094
Amill399 ,  049049 086086 082077 080080 065067 089099 058060 056056 082082 070070
Amill400 ,  049049 085086 082081 086080 065065 083085 058064 060062 088088 070070
Amill401 ,  049048 085085 082080 087081 065067 085085 054058 051054 090094 070070
Amill402 ,  049049 085085 077077 088088 065067 081085 054056 056059 092092 070070
Amill403 ,  049049 086086 079077 087087 066067 089097 058058 051049 082090 094094
Amill404 ,  049049 085085 081086 080090 065067 091091 056060 056058 090090 070070
Amill405 ,  049049 086086 082077 080080 065067 089101 058060 056056 082090 070070
Amill406 ,  049049 086086 085077 080080 066067 089083 058058 051059 090090 064078
Amill407 ,  049051 085085 082077 081080 065065 089097 056060 056057 090090 070070
Amill408 ,  009049 048086 087093 093080 080067 067089 089058 058060 057084 084000
Amill409 ,  049049 085085 082077 083080 066067 083099 054060 053056 082092 070070
Amill410 ,  009049 049085 085082 077080 080065 065081 089058 064056 056082 090000
Amill411 ,  049048 086086 077080 083081 065065 089085 058060 054056 092092 070064
Amill412 ,  049049 085086 079077 088081 065067 083087 054062 051051 082082 070070
Amill413 ,  049048 085086 077077 083084 065067 087087 058058 056060 088088 070064
Amill414 ,  049049 085086 079077 088081 065067 083087 054062 051051 088088 070070
Amill415 ,  049049 085087 077080 080080 067067 089077 058058 056057 082090 074074
Amill416 ,  049049 085085 077086 083083 066067 083083 058064 056049 082088 070064
Amill417 ,  049048 086086 077086 080092 065065 089097 058064 060062 086094 070064
Amill418 ,  049049 086086 077077 086080 066067 089083 058060 051056 082094 084084
Amill419 ,  049049 085085 081077 080080 065067 089085 058058 054056 092092 070070
Amill420 ,  049049 086086 077080 090091 065065 083083 054058 062062 090088 070080
Amill421 ,  049049 085085 081077 080080 065065 089085 058058 054056 092092 070070
Amill422 ,  049048 085086 087080 087087 068068 089089 058060 056057 090088 070070
Amill423 ,  049049 086086 077077 083080 067067 089085 058064 056049 090090 070070
Amill424 ,  049048 085085 082077 084080 065066 089087 058060 056056 082090 072072
Amill425 ,  049049 085085 083080 083080 065067 089083 058058 059059 082094 080080
Amill426 ,  049049 085085 077077 087087 065065 089095 054060 056056 090090 070064
Amill427 ,  009049 049083 087077 077083 080066 068081 083058 064056 049090 090000
Amill428 ,  009049 049000 082077 083081 065067 089089 054058 051058 082082 070070
Amill429 ,  009049 049085 085077 095087 087065 065089 095054 060056 056090 090000
Amill430 ,  049049 085085 077080 083081 065067 087085 058058 056060 088088 070070
Amill431 ,  049049 086086 077077 083080 065067 089089 058060 051056 082088 070072
Amill432 ,  049049 085085 082080 083090 065065 089089 058064 056049 090090 070070
Amill433 ,  049049 085085 082077 081081 065066 089085 064068 056056 090086 080080
Amill435 ,  048048 085086 076076 089089 067067 089085 058064 060060 090090 082082
Amill436 ,  049049 085085 077077 079086 067067 085085 056058 054056 082090 086086
Amill437 ,  049049 085085 085080 082080 066066 089091 056058 056056 082082 080080
Pop
Amill208 ,  009049 051000 082080 083085 065066 083083 054058 053059 090090 070074
Amill209 ,  049049 085085 082091 083080 066066 081091 060060 052057 084106 070064
Amill210 ,  049049 085085 079082 082083 066066 091091 060060 052053 082092 076076
Amill212 ,  049049 085085 079082 082083 066066 091091 054052 052053 090102 076076
Amill214 ,  049049 086086 083086 082085 065066 091091 054054 052059 088088 070072
Amill215 ,  049049 086086 082082 082083 065066 091091 054058 051052 092106 074064
Amill216 ,  049049 085085 079082 082083 066066 091091 054058 052053 082092 076076
Amill217 ,  009049 049000 079080 082082 065066 081081 056056 049049 082082 070072
Amill218 ,  049049 085085 079082 083083 066067 087087 058066 051052 082084 074094
Amill219 ,  049049 086086 082082 083084 065067 083083 058058 052053 084092 070080
Amill220 ,  049049 085085 079082 084081 066066 093093 058060 052052 082082 070074
Amill221 ,  049048 085086 082082 086085 066066 097097 056052 052059 082094 070078
Amill222 ,  049048 085085 082080 088085 066066 081085 054058 053057 082082 064076
Amill223 ,  049049 086086 082093 083090 066066 083083 054054 053057 088094 070064
Amill224 ,  049048 085085 082091 083083 066066 097097 052058 051052 084094 070070
Amill225 ,  049048 085085 079082 082080 066066 091093 054058 052052 088094 070072
Amill226 ,  049048 085085 079082 082080 066066 091093 054058 052052 088088 070072
Amill227 ,  049048 085085 079082 083085 066066 091093 054058 052052 082082 070072
Amill228 ,  049049 085086 079082 083086 066066 081085 054058 051052 088088 070070
Amill229 ,  009048 048000 092082 083083 065066 081089 058058 051052 082090 074074
Amill230 ,  049049 085085 079079 083083 066066 087087 058058 053053 082094 094094
Amill231 ,  049049 086086 079082 083083 066066 081085 054058 051052 092092 070070
Amill232 ,  049048 086086 079082 083083 065067 085085 058058 051052 082088 072092
Amill233 ,  049051 085085 082082 085080 066066 087087 054058 052054 082084 070070
Amill234 ,  049051 085085 082082 083083 066066 087087 054058 052054 082084 070070
Amill235 ,  049049 086086 082089 082080 066066 087087 054060 052057 092092 070070
Amill236 ,  049049 085085 079082 083085 066067 083091 054058 052057 088096 070076
Amill237 ,  049049 086086 079082 083086 066066 085085 058058 052053 082082 070070
Amill238 ,  049049 086086 079082 083087 066066 087087 058058 052053 082082 070070
Amill239 ,  049049 086086 079082 083085 066066 085085 058058 052053 082082 070070
Amill241 ,  049049 085085 082088 083081 066067 081085 054062 058058 092108 070070
Amill242 ,  049051 086086 082081 083081 066066 085085 058058 051051 090084 070070
Amill243 ,  049051 086086 082081 083083 066066 085085 058058 051051 090084 070070
Amill244 ,  049048 085086 082082 080080 066070 085085 054058 052052 082082 070064
Amill245 ,  049048 085085 079092 083083 065066 085085 058060 049049 082082 094076
Amill246 ,  049049 085085 082091 083083 065066 087087 058050 058057 082086 070070
Amill247 ,  049049 085086 079082 083083 066066 087087 056058 054049 088108 072072
Amill248 ,  048048 085085 082086 083083 066067 091093 058058 053054 082086 070092
Amill249 ,  049049 086086 079082 083083 066066 087087 058060 052057 088106 072072
Amill250 ,  049049 087087 082091 079083 066066 089089 054058 053060 094094 070070
Amill251 ,  049049 086087 082080 082083 066067 083087 058060 052052 082086 070076
Amill252 ,  009049 049000 079082 083083 066066 087087 058060 052057 106106 072072
Amill253 ,  049049 085086 082082 083083 066066 087093 058060 054054 082082 070076
Amill254 ,  049049 086086 082082 083083 066067 087087 058058 052053 082082 080080
Amill255 ,  050050 085085 079082 083083 066066 091087 054054 052054 096096 072094
Amill256 ,  049049 088088 079079 082084 066066 089091 054058 052052 082094 070070
Amill257 ,  049051 085085 082086 082083 066066 089089 050050 052059 094094 064064
